#NAME=latitude,longitude,absolute-altitude,heading
KRDR=47.935555,-97.407457,208.1,320.0
CSFS=48.72125155780121,-97.90813312418388,361.0,180
TOC=48.0869093,-97.506752,273.4,338.0
TOD=48.69977,-97.8943205,351.7,338.0
RETURNTOD=48.0644864,-97.4928474,272.8,158.0
